559971541
559921541
559911541
559881541
559871541
559861541
559851541
559831541
559821541
559811541
559801541
559781541
559741541
559731541
559721541
559711541
559701541
559691541
559681541
559661541
559651541
559621541
559591541
559581541
559571541
559561541
559551541
559531541
559501541
559471541
559461541
559431541
559421541
559401541
559371541
559361541
559341541
559261541
559241541
559201541
559181541
559141541
559101541
559061541
559051541
559041541
559021541
558981541
558951541
558941541
558911541
558901541
558891541
558881541
558871541
558861541
558841541
558831541
558821541
558781541
558761541
558751541
558701541
558681541
558671541
558661541
558621541
558601541
558591541
558581541
558571541
558561541
558541541
558531541
558511541
558501541
558481541
558451541
558431541
558421541
558401541
558381541
558371541
558331541
558291541
558281541
558261541
558251541
558221541
558201541
558171541
558141541
558121541
558111541
558101541
558091541
558071541
558041541
558031541
558021541
558011541
557941541
557931541
557921541
557891541
557871541
557851541
557831541
557821541
557811541
557781541
557761541
557731541
557721541
557711541
557681541
557671541
557651541
557641541
557611541
557591541
557571541
557561541
557521541
557511541
557501541
557481541
557471541
557461541
557451541
557441541
557431541
557421541
557401541
557381541
557351541
557321541
557311541
557291541
557281541
557271541
557261541
557211541
557201541
557191541
557181541
557141541
557131541
557121541
557101541
557091541
557061541
557041541
557031541
557001541
556981541
556951541
556931541
556921541
556901541
556851541
556821541
556801541
556791541
556781541
556751541
556741541
556731541
556721541
556701541
556691541
556681541
556651541
556641541
556631541
556621541
556591541
556561541
556541541
556531541
556521541
556511541
556501541
556491541
556471541
556461541
556451541
556431541
556401541
556391541
556381541
556361541
556351541
556331541
556321541
556301541
556261541
556241541
556221541
556211541
556201541
556191541
556171541
556161541
556141541
556101541
556081541
556071541
556031541
556021541
556011541
555991541
555931541
555891541
555871541
555791541
555761541
555751541
555741541
555691541
555671541
555661541
555621541
555601541
555571541
555521541
555491541
555471541
555461541
555431541
555421541
555401541
555381541
555371541
555341541
555321541
555301541
555261541
555231541
555221541
555201541
555171541
555161541
555081541
555061541
555041541
555021541
554981541
554971541
554961541
554951541
554941541
554931541
554921541
554901541
554891541
554881541
554871541
554851541
554841541
554831541
554821541
554801541
554771541
554761541
554741541
554731541
554721541
554711541
554701541
554691541
554681541
554661541
554631541
554621541
554611541
554601541
554561541
554521541
554491541
554471541
554461541
554431541
554421541
554361541
554341541
554331541
554321541
554311541
554301541
554281541
554271541
554221541
554211541
554201541
554181541
554131541
554121541
554071541
554061541
554051541
554031541
554021541
554011541
553991541
553981541
553971541
553961541
553951541
553931541
553921541
553911541
553881541
553851541
553841541
553831541
553821541
553811541
553801541
553791541
553771541
553761541
553751541
553731541
553701541
553691541
553671541
553641541
553601541
553581541
553511541
553491541
553481541
553471541
553441541
553421541
553391541
553381541
553351541
553321541
553311541
553281541
553271541
553241541
553231541
553221541
553201541
553191541
553161541
553151541
553141541
553121541
553081541
553071541
553061541
553041541
553011541
552981541
552971541
552961541
552941541
552931541
552911541
552891541
552871541
552841541
552831541
552821541
552791541
552771541
552761541
552721541
552701541
552681541
552631541
552601541
552591541
552561541
552491541
552481541
552471541
552461541
552441541
552431541
552391541
552381541
552371541
552361541
552331541
552321541
552311541
552301541
552281541
552271541
552231541
552181541
552171541
998997514
998987514
998977514
998967514
998957514
998947514
998937514
998927514
998917514
998907514
998897514
998887514
998877514
998867514
998857514
998847514
998837514
998827514
998817514
998807514
998797514
998787514
998777514
998767514
998757514
998737514
998727514
998717514
998707514
998697514
998687514
998677514
998667514
998657514
998647514
998637514
998627514
998617514
998607514
998597514
998587514
998577514
998567514
998557514
998547514
998537514
998527514
998517514
998507514
998497514
998487514
998477514
998467514
998457514
998447514
998437514
998427514
998417514
998407514
998397514
998387514
998377514
998367514
998357514
998347514
998337514
998327514
998317514
998307514
998297514
998287514
998277514
998267514
998257514
998247514
998237514
998227514
998217514
998207514
998197514
998187514
998177514
998167514
998157514
998147514
998137514
998127514
998117514
998107514
998097514
998087514
998077514
998067514
998057514
998047514
998037514
998027514
998017514
998007514
997997514
997987514
997977514
997967514
997957514
997947514
997937514
997927514
997917514
997907514
997897514
997887514
997877514
997867514
997857514
997847514
997837514
997827514
997817514
997807514
997797514
997787514
997777514
997767514
997757514
997747514
997737514
997727514
997717514
997707514
997697514
997687514
997677514
997667514
997657514
997647514
997637514
997627514
997617514
997607514
997597514
997587514
997577514
997567514
997557514
997547514
997537514
997527514
997507514
997497514
997487514
997477514
997467514
997457514
997447514
997437514
997427514
997417514
997407514
997397514
997387514
997377514
997367514
997357514
997347514
997337514
997327514
997317514
997307514
997297514
997287514
997277514
997267514
997257514
997247514
997237514
997227514
997217514
997207514
997197514
997187514
997177514
997167514
997157514
997147514
997137514
997127514
997117514
997107514
997097514
997087514
997077514
997067514
997057514
997047514
997037514
997027514
997017514
997007514
993997514
993987514
993977514
993967514
993957514
993947514
993937514
993927514
993917514
993907514
993897514
993887514
993877514
993867514
993857514
993847514
993837514
993827514
993817514
993807514
993797514
993787514
993777514
993767514
993757514
993747514
993737514
993727514
993717514
993707514
993697514
993687514
993677514
993667514
993657514
993647514
993637514
993627514
993617514
993607514
993597514
993587514
993577514
993567514
993557514
993547514
993537514
993527514
993517514
993507514
993497514
993487514
993477514
993467514
993457514
993447514
993437514
993427514
993417514
993407514
993397514
993387514
993377514
993367514
993357514
993347514
993337514
993327514
993317514
993307514
993297514
993287514
993277514
993267514
993257514
993247514
993237514
993227514
993217514
993207514
993187514
993177514
993167514
993157514
993147514
993137514
993127514
993117514
993107514
993097514
993087514
993077514
993067514
993057514
993047514
993037514
993027514
993017514
998975545
998965545
998945545
998935545
998925545
998915545
998795545
998785545
998735545
998725545
998715545
998695545
998645545
998635545
998625545
998615545
998575545
998535545
998515545
998495545
998475545
998465545
998425545
998415545
998405545
998395545
998385545
998375545
998365545
998345545
998325545
998315545
998305545
998295545
998275545
998265545
998245545
998235545
998215545
998205545
998195545
998185545
998175545
998165545
998145545
998135545
998125545
998105545
998095545
998075545
998065545
998045545
998035545
998025545
998015545
997985545
997965545
997945545
997935545
997925545
997915545
997905545
997895545
997865545
997845545
997835545
997825545
997815545
997805545
997695545
997685545
997675545
997645545
997635545
997625545
997615545
997595545
997585545
997535545
997525545
997495545
997485545
997465545
997435545
997425545
997415545
997405545
997385545
997375545
997365545
997345545
997325545
997315545
997305545
997295545
997285545
997275545
997265545
997245545
997235545
997215545
997205545
997195545
997185545
997175545
997165545
997145545
997135545
997125545
997085545
997075545
997065545
997045545
997035545
997025545
997015545
993985545
993975545
993965545
993945545
993925545
993915545
993905545
993895545
993875545
993865545
993845545
993825545
993815545
993795545
993785545
993765545
993735545
993725545
993715545
993705545
993695545
993685545
993675545
993645545
993635545
993625545
993615545
993605545
993595545
993585545
993575545
993485545
993475545
993425545
993295545
993285545
993275545
993265545
993245545
993235545
993215545
993195545
993175545
993165545
993135545
993125545
993105545
993095545
993085545
993075545
993065545
993045545
993015545
557259815
557259615
557259415
557259015
557258415
557258315
557258215
557257915
557257815
557257715
557257415
557257315
557257115
557257015
557256815
557256615
557256415
557256315
557255415
557254915
557254815
557254715
557254415
557254315
557254215
557254115
557253815
557253715
557253615
557253415
557253315
557253115
557253015
557252915
557252815
557252715
557252215
557252115
557251815
557251715
557251015
557250915
557250815
557250415
557250115
557451298
557451297
557451295
557451294
557451293
557451291
557451290
557451289
557451286
557451283
557451281
557451280
557451279
557451278
557451276
557451273
557451271
557451270
557451269
557451268
557451266
557451264
557451261
557451259
557451258
557451256
557451254
557451253
557451251
557451249
557451248
557451241
557451234
557451230
557451229
557451228
557451227
557451225
557451224
557451218
557451214
557451213
557451210
557451209
557451206
557451205
557451204
