
55 953 15 15
55 913 15 15
55 641 15 15
99 991 11 41
99 987 11 44
99 986 11 44
99 985 11 44
99 984 11 44
99 983 11 44
99 982 11 44
99 980 11 44
99 978 11 44
99 976 11 44
99 975 11 44
99 974 11 44
99 973 11 44
99 972 11 44
99 970 11 44
99 968 11 44
99 967 11 44
99 965 11 44
99 964 11 44
99 963 11 44
99 962 11 44
99 960 11 44
99 958 11 44
99 957 11 44
99 956 11 44
99 954 11 44
99 953 11 44
99 952 11 44
99 950 11 44
99 948 11 44
99 947 11 44
99 946 11 44
99 945 11 44
99 944 11 44
99 943 11 44
99 942 11 44
99 941 11 41
99 940 11 44
99 938 11 44
99 937 11 44
99 936 11 44
99 935 11 44
99 934 11 44
99 932 11 44
99 930 11 44
99 928 11 44
99 927 11 44
99 926 11 44
99 925 11 44
99 924 11 44
99 923 11 44
99 920 11 44
99 911 14 44
99 911 11 49
99 911 11 41
99 908 11 44
99 907 11 44
99 906 11 44
99 905 11 44
99 904 11 44
99 903 11 44
99 902 11 44
99 897 11 44
99 896 11 44
99 895 11 44
99 894 11 44
99 893 11 44
99 892 11 44
99 890 11 44
99 888 14 44
99 881 11 41
99 879 11 44
99 876 11 44
99 875 11 44
99 873 11 44
99 872 11 44
99 870 11 44
99 869 11 44
99 867 11 44
99 865 11 44
99 864 11 44
99 863 11 44
99 862 11 44
99 860 11 44
99 859 11 44
99 857 11 44
99 856 11 44
99 854 11 44
99 853 11 44
99 852 11 44
99 850 11 44
99 849 11 44
99 847 11 44
99 846 11 44
99 845 11 44
99 844 14 44
99 844 11 44
99 843 11 44
99 842 11 44
99 841 11 41
99 840 11 44
99 839 11 44
99 837 11 44
99 836 11 44
99 835 11 44
99 834 11 44
99 832 11 44
99 830 11 44
99 829 11 44
99 827 11 44
99 826 11 44
99 825 11 44
99 824 11 44
99 823 11 44
99 820 11 44
99 811 14 44
99 811 11 48
99 811 11 44
99 811 11 41
99 809 11 44
99 807 11 44
99 806 11 44
99 805 11 44
99 804 11 44
99 803 11 44
99 802 11 44
99 798 11 44
99 796 11 44
99 795 11 44
99 794 11 44
99 793 11 44
99 792 11 44
99 790 11 44
99 789 11 44
99 786 11 44
99 785 11 44
99 784 11 44
99 783 11 44
99 782 11 44
99 780 11 44
99 777 14 44
99 771 11 41
99 769 11 44
99 768 11 44
99 765 11 44
99 764 11 44
99 763 11 44
99 762 11 44
99 760 11 44
99 759 11 44
99 758 11 44
99 756 11 44
99 754 11 44
99 753 11 44
99 752 11 44
99 750 11 44
99 749 11 44
99 748 11 44
99 746 11 44
99 745 11 44
99 744 11 44
99 743 11 44
99 742 11 44
99 741 11 41
99 740 11 44
99 739 11 44
99 738 11 44
99 736 11 44
99 735 11 44
99 734 11 44
99 732 11 44
99 730 11 44
99 729 11 44
99 728 11 44
99 726 11 44
99 725 11 44
99 724 11 44
99 723 11 44
99 720 11 44
99 711 11 47
99 711 11 44
99 711 11 41
99 709 11 44
99 708 11 44
99 706 11 44
99 705 11 44
99 704 11 44
99 703 11 44
99 702 11 44
99 698 11 44
99 697 11 44
99 695 11 44
99 694 11 44
99 693 11 44
99 692 11 44
99 690 11 44
99 689 11 44
99 687 11 44
99 685 11 44
99 684 11 44
99 683 11 44
99 682 11 44
99 680 11 44
99 679 11 44
99 678 11 44
99 675 11 44
99 674 11 44
99 673 11 44
99 672 11 44
99 670 11 44
99 666 14 44
99 661 11 41
99 659 11 44
99 658 11 44
99 657 11 44
99 654 11 44
99 653 11 44
99 652 11 44
99 650 11 44
99 649 11 44
99 648 11 44
99 647 11 44
99 645 11 44
99 644 14 44
99 644 11 44
99 643 11 44
99 642 11 44
99 641 11 41
99 640 11 44
99 639 11 44
99 638 11 44
99 637 11 44
99 635 11 44
99 634 11 44
99 632 11 44
99 630 11 44
99 629 11 44
99 628 11 44
99 627 11 44
99 625 11 44
99 624 11 44
99 623 11 44
99 620 11 44
99 611 14 44
99 611 11 46
99 611 11 44
99 609 11 44
99 608 11 44
99 607 11 44
99 605 11 44
99 604 11 44
99 603 11 44
99 602 11 44
99 598 11 44
99 597 11 44
99 596 11 44
99 594 11 44
99 593 11 44
99 592 11 44
99 590 11 44
99 589 11 44
99 587 11 44
99 586 11 44
99 584 11 44
99 583 11 44
99 582 11 44
99 580 11 44
99 579 11 44
99 578 11 44
99 576 11 44
99 574 11 44
99 573 11 44
99 572 11 44
99 570 11 44
99 569 11 44
99 568 11 44
99 567 11 44
99 564 11 44
99 563 11 44
99 562 11 44
99 560 11 44
99 555 14 44
99 551 11 41
99 549 11 44
99 548 11 44
99 547 11 44
99 546 11 44
99 544 14 44
99 544 11 44
99 543 11 44
99 542 11 44
99 541 11 41
99 540 11 44
99 539 11 44
99 538 11 44
99 537 11 44
99 536 11 44
99 534 11 44
99 532 11 44
99 530 11 44
99 529 11 44
99 528 11 44
99 527 11 44
99 526 11 44
99 524 11 44
99 523 11 44
99 520 11 44
99 509 11 44
99 508 11 44
99 507 11 44
99 506 11 44
99 504 11 44
99 503 11 44
99 502 11 44
99 488 11 44
99 477 11 44
99 466 11 44
99 441 14 44
99 441 14 41
99 441 11 41
99 433 11 44
99 422 11 44
99 414 14 44
99 414 14 41
99 414 11 44
99 414 11 41
99 411 14 41
99 411 11 44
99 398 11 44
99 397 11 44
99 396 11 44
99 395 11 44
99 394 11 44
99 392 11 44
99 390 11 44
99 389 11 44
99 387 11 44
99 386 11 44
99 385 11 44
99 384 11 44
99 382 11 44
99 380 11 44
99 379 11 44
99 378 11 44
99 376 11 44
99 375 11 44
99 374 11 44
99 372 11 44
99 370 11 44
99 369 11 44
99 368 11 44
99 367 11 44
99 365 11 44
99 364 11 44
99 362 11 44
99 360 11 44
99 359 11 44
99 358 11 44
99 357 11 44
99 356 11 44
99 354 11 44
99 352 11 44
99 350 11 44
99 349 11 44
99 348 11 44
99 347 11 44
99 346 11 44
99 345 11 44
99 344 14 44
99 344 11 44
99 342 11 44
99 341 11 41
99 340 11 44
99 331 11 41
99 329 11 44
99 328 11 44
99 327 11 44
99 326 11 44
99 325 11 44
99 324 11 44
99 320 11 44
99 311 14 44
99 311 11 44
99 311 11 43
99 311 11 41
99 309 11 44
99 308 11 44
99 307 11 44
99 306 11 44
99 305 11 44
99 304 11 44
99 302 11 44
99 298 11 44
99 297 11 44
99 296 11 44
99 295 11 44
99 294 11 44
99 293 11 44
99 290 11 44
99 289 11 44
99 287 11 44
99 286 11 44
99 285 11 44
99 284 11 44
99 283 11 44
99 280 11 44
99 279 11 44
99 278 11 44
99 276 11 44
99 275 11 44
99 274 11 44
99 273 11 44
99 270 11 44
99 269 11 44
99 268 11 44
99 267 11 44
99 265 11 44
99 264 11 44
99 263 11 44
99 260 11 44
99 259 11 44
99 258 11 44
99 257 11 44
99 256 11 44
99 254 11 44
99 253 11 44
99 250 11 44
99 249 11 44
99 248 11 44
99 247 11 44
99 246 11 44
99 245 11 44
99 244 11 44
99 243 11 44
99 241 11 41
99 240 11 44
99 239 11 44
99 238 11 44
99 237 11 44
99 236 11 44
99 235 11 44
99 234 11 44
99 230 11 44
99 221 11 41
55 997 14 67
55 997 14 37
55 997 14 17
55 997 14 07
55 995 14 97
55 995 14 87
55 995 14 77
55 995 14 67
55 995 14 07
55 994 14 77
55 994 14 67
55 994 14 37
55 993 14 67
55 993 14 47
55 993 14 37
55 993 14 17
55 992 14 77
55 992 14 67
55 992 14 57
55 992 14 47
55 992 14 37
55 992 14 27
55 992 14 17
55 992 14 07
55 991 14 77
55 991 14 57
55 991 14 17
55 991 14 07
55 989 14 87
55 989 14 57
55 989 14 47
55 989 14 17
55 988 14 87
55 988 14 77
55 988 14 57
55 988 14 47
55 988 14 37
55 988 14 27
55 987 14 97
55 987 14 57
55 987 14 47
55 987 14 27
55 987 14 17
55 986 14 87
55 986 14 77
55 986 14 67
55 986 14 57
55 986 14 37
55 986 14 27
55 985 14 97
55 985 14 87
55 985 14 77
55 985 14 67
55 985 14 57
55 985 14 47
55 985 14 37
55 985 14 27
55 985 14 07
55 984 14 77
55 984 14 57
55 984 14 47
55 984 14 27
55 983 14 97
55 983 14 77
55 983 14 67
55 983 14 57
55 983 14 27
55 983 14 17
55 982 14 97
55 982 14 87
55 982 14 57
55 982 14 47
55 982 14 37
55 982 14 27
55 982 14 17
55 982 14 07
55 981 14 57
55 981 14 47
55 980 14 97
55 980 14 87
55 980 14 77
55 980 14 67
55 980 14 57
55 980 14 47
55 980 14 37
55 980 14 27
55 980 14 17
55 979 14 97
55 979 14 77
55 979 14 67
55 979 14 57
55 979 14 37
55 979 14 27
55 979 14 17
55 978 14 97
55 978 14 87
55 978 14 77
55 978 14 67
55 978 14 57
55 978 14 47
55 978 14 27
55 978 14 17
55 977 14 47
55 977 14 37
55 977 14 17
55 977 14 07
55 976 14 97
55 976 14 87
55 976 14 77
55 976 14 67
55 976 14 57
55 976 14 37
55 976 14 27
55 976 14 17
55 976 14 07
55 975 14 97
55 975 14 87
55 975 14 57
55 975 14 27
55 975 14 07
55 974 14 87
55 974 14 77
55 974 14 67
55 974 14 57
55 974 14 37
55 974 14 17
55 974 14 07
55 973 14 97
55 973 14 87
55 973 14 77
55 973 14 67
55 973 14 57
55 973 14 47
55 973 14 37
55 973 14 27
55 973 14 07
55 972 14 97
55 972 14 87
55 972 14 77
55 972 14 07
55 971 14 97
55 971 14 87
55 971 14 77
55 971 14 67
55 971 14 57
55 971 14 47
55 971 14 37
55 971 14 27
55 971 14 17
55 971 14 07
55 970 14 97
55 970 14 87
55 970 14 77
55 970 14 67
55 970 14 57
55 970 14 37
55 970 14 07
55 969 14 87
55 969 14 77
55 969 14 47
55 969 14 27
55 969 14 17
55 968 14 97
55 968 14 87
55 968 14 67
55 968 14 57
55 968 14 47
55 968 14 27
55 968 14 17
55 967 14 97
55 967 14 87
55 967 14 57
55 967 14 47
55 967 14 37
55 967 14 07
55 966 14 97
55 966 14 87
55 966 14 67
55 966 14 47
55 966 14 37
55 966 14 27
55 966 14 17
55 966 14 07
55 965 14 97
55 965 14 87
55 965 14 77
55 965 14 67
55 965 14 57
55 965 14 47
55 965 14 37
55 964 14 87
55 964 14 57
55 964 14 37
55 964 14 27
55 964 14 17
55 964 14 07
55 963 14 97
55 963 14 77
55 963 14 67
55 963 14 57
55 963 14 47
55 963 14 37
55 963 14 27
55 962 14 97
55 962 14 87
55 962 14 67
55 962 14 47
55 962 14 07
55 961 14 97
55 961 14 87
55 961 14 57
55 961 14 47
55 961 14 37
55 961 14 27
55 961 14 07
55 960 14 67
55 959 14 87
55 959 14 77
55 959 14 57
55 959 14 47
55 959 14 37
55 959 14 27
55 958 14 97
55 958 14 77
55 958 14 37
55 958 14 27
55 958 14 17
55 958 14 07
55 957 14 87
55 957 14 47
55 957 14 37
55 956 14 17
55 955 14 97
55 955 14 87
55 955 14 77
55 955 14 57
55 955 14 47
55 955 14 17
55 955 14 07
55 954 14 87
55 954 14 77
55 954 14 67
55 954 14 47
55 954 14 37
55 954 14 27
55 954 14 17
55 953 14 97
55 953 14 87
55 953 14 67
55 953 14 57
55 953 14 47
55 953 14 17
55 953 14 07
55 952 14 97
55 952 14 87
55 952 14 77
55 952 14 67
55 952 14 57
55 952 14 27
55 952 14 07
55 951 14 97
55 951 14 87
55 951 14 77
55 951 14 67
55 951 14 57
55 951 14 47
55 951 14 37
55 951 14 27
55 951 14 07
55 950 14 97
55 950 14 87
55 950 14 77
55 950 14 67
55 950 14 57
55 950 14 47
55 950 14 37
55 950 14 27
55 949 14 97
55 949 14 87
55 949 14 77
55 948 14 67
55 948 14 37
55 948 14 27
55 948 14 07
55 947 14 67
55 947 14 47
55 947 14 37
55 946 14 87
55 946 14 67
55 946 14 57
55 946 14 47
55 946 14 27
55 945 14 87
55 945 14 77
55 945 14 67
55 945 14 57
55 945 14 37
55 945 14 27
55 945 14 07
55 944 14 67
55 944 14 37
55 944 14 07
55 943 14 47
55 943 14 37
55 943 14 17
55 942 14 77
55 942 14 67
55 942 14 37
55 942 14 27
55 941 14 77
55 940 14 77
55 940 14 67
55 940 14 57
55 940 14 47
55 939 14 37
55 938 14 97
55 938 14 77
55 938 14 07
55 937 14 57
55 937 14 17
55 936 14 67
55 935 14 97
55 935 14 37
55 935 14 27
55 934 14 27
55 934 14 17
55 933 14 87
55 933 14 47
55 933 14 37
55 933 14 27
55 933 14 07
55 932 14 97
55 930 14 47
55 930 14 37
55 930 14 17
55 930 14 07
55 929 14 87
55 928 14 47
55 928 14 27
55 927 14 87
55 927 14 47
55 927 14 17
55 925 14 87
55 925 14 77
55 925 14 57
55 925 14 47
55 925 14 17
55 923 14 87
55 923 14 37
55 923 14 27
55 922 14 77
55 922 14 47
55 921 14 97
55 921 14 87
55 921 14 57
55 921 14 37
55 920 14 47
55 920 14 07
55 919 14 77
55 919 14 57
55 919 14 37
55 919 14 27
55 919 14 07
55 918 14 87
55 918 14 67
55 918 14 47
55 918 14 37
55 918 14 17
55 917 14 97
55 917 14 87
55 917 14 67
55 917 14 47
55 917 14 37
55 917 14 27
55 917 14 07
55 916 14 97
55 916 14 87
55 916 14 67
55 916 14 57
55 916 14 27
55 915 14 97
55 915 14 87
55 915 14 77
55 915 14 57
55 915 14 47
55 915 14 17
55 914 14 67
55 913 14 87
55 913 14 77
55 913 14 57
55 913 14 17
55 912 14 77
55 912 14 67
55 912 14 57
55 912 14 37
55 912 14 17
55 912 14 07
55 911 14 87
55 911 14 67
55 911 14 57
55 911 14 47
55 911 14 37
55 910 14 87
55 910 14 77
55 910 14 57
55 910 14 47
55 910 14 27
55 910 14 17
55 910 14 07
55 909 14 67
55 908 14 97
55 908 14 87
55 908 14 77
55 908 14 67
55 908 14 47
55 908 14 37
55 908 14 07
55 907 14 67
55 907 14 27
55 906 14 67
55 905 14 97
55 905 14 87
55 905 14 77
55 905 14 47
55 905 14 07
55 904 14 87
55 904 14 77
55 904 14 57
55 904 14 47
55 903 14 97
55 903 14 67
55 903 14 57
55 903 14 37
55 903 14 27
55 902 14 97
55 901 14 97
55 901 14 57
55 901 14 47
55 901 14 27
55 899 14 97
55 899 14 47
55 899 14 27
55 899 14 07
55 898 14 57
55 898 14 27
55 897 14 87
55 896 14 97
55 896 14 77
55 896 14 67
55 896 14 57
55 896 14 27
55 896 14 07
55 895 14 87
55 895 14 77
55 895 14 47
55 895 14 07
55 894 14 87
55 894 14 77
55 894 14 47
55 894 14 37
55 894 14 27
55 894 14 17
55 893 14 97
55 893 14 77
55 893 14 57
55 893 14 47
55 893 14 37
55 893 14 27
55 893 14 07
55 892 14 97
55 892 14 27
55 892 14 17
55 891 14 87
55 891 14 77
55 891 14 67
55 891 14 57
55 890 14 87
55 890 14 77
55 890 14 47
55 890 14 27
55 890 14 17
55 890 14 07
55 889 14 47
55 889 14 37
55 888 14 97
55 888 14 87
55 888 14 67
55 888 14 57
55 888 14 37
55 888 14 27
55 888 14 07
55 887 14 97
55 887 14 87
55 887 14 77
55 887 14 57
55 887 14 47
55 887 14 27
55 886 14 87
55 886 14 77
55 886 14 67
55 886 14 57
55 886 14 37
55 886 14 17
55 885 14 87
55 885 14 57
55 885 14 27
55 884 14 67
55 884 14 37
55 884 14 07
55 883 14 97
55 883 14 87
55 883 14 67
55 883 14 57
55 883 14 37
55 882 14 97
55 882 14 57
55 882 14 37
55 882 14 27
55 881 14 97
55 881 14 87
55 881 14 67
55 881 14 57
55 881 14 17
55 880 14 97
55 880 14 87
55 880 14 67
55 880 14 57
55 880 14 47
55 880 14 27
55 879 14 97
55 879 14 87
55 879 14 77
55 879 14 67
55 879 14 57
55 879 14 37
55 879 14 27
55 879 14 17
55 879 14 07
55 878 14 87
55 878 14 67
55 878 14 47
55 878 14 37
55 878 14 17
55 878 14 07
55 877 14 87
55 877 14 67
55 877 14 57
55 877 14 37
55 877 14 27
55 876 14 87
55 876 14 57
55 876 14 37
55 876 14 27
55 876 14 17
55 876 14 07
55 875 14 77
55 875 14 57
55 875 14 07
55 874 14 87
55 874 14 47
55 874 14 37
55 874 14 27
55 873 14 87
55 873 14 67
55 873 14 47
55 873 14 27
55 873 14 07
55 872 14 97
55 872 14 77
55 872 14 57
55 872 14 37
55 872 14 07
55 871 14 87
55 871 14 27
55 871 14 07
55 870 14 97
55 870 14 87
55 870 14 77
55 870 14 47
55 870 14 37
55 869 14 27
55 869 14 17
55 869 14 07
55 868 14 77
55 868 14 37
55 868 14 07
55 867 14 97
55 867 14 87
55 867 14 67
55 867 14 37
55 867 14 07
55 866 14 97
55 866 14 87
55 866 14 77
55 866 14 57
55 866 14 47
55 866 14 17
55 866 14 07
55 865 14 97
55 865 14 87
55 865 14 47
55 865 14 37
55 865 14 27
55 865 14 07
55 864 14 57
55 864 14 37
55 863 14 97
55 863 14 87
55 863 14 77
55 863 14 67
55 863 14 47
55 863 14 17
55 862 14 97
55 862 14 87
55 862 14 77
55 862 14 37
55 862 14 07
55 861 14 97
55 861 14 27
55 861 14 17
55 861 14 07
55 860 14 87
55 860 14 57
55 860 14 37
55 860 14 07
55 859 14 97
55 859 14 87
55 859 14 77
55 859 14 27
55 858 14 97
55 858 14 87
55 858 14 67
55 858 14 57
55 858 14 47
55 858 14 37
55 858 14 17
55 857 14 87
55 857 14 47
55 857 14 27
55 857 14 17
55 856 14 97
55 856 14 87
55 856 14 77
55 856 14 47
55 856 14 37
55 856 14 27
55 856 14 17
55 855 14 87
55 855 14 57
55 855 14 47
55 855 14 27
55 854 14 97
55 854 14 77
55 854 14 67
55 853 14 97
55 853 14 87
55 853 14 47
55 853 14 27
55 853 14 17
55 853 14 07
55 852 14 97
55 852 14 77
55 852 14 37
55 852 14 27
55 851 14 87
55 851 14 77
55 851 14 47
55 851 14 27
55 851 14 17
55 851 14 07
55 850 14 97
55 850 14 87
55 850 14 77
55 850 14 47
55 850 14 37
55 850 14 27
55 850 14 17
55 850 14 07
55 849 14 97
55 849 14 87
55 849 14 77
55 849 14 67
55 849 14 57
55 849 14 37
55 849 14 27
55 849 14 07
55 848 14 87
55 848 14 57
55 848 14 37
55 848 14 27
55 847 14 87
55 847 14 67
55 847 14 17
55 847 14 07
55 846 14 87
55 846 14 67
55 846 14 57
55 846 14 27
55 845 14 97
55 845 14 87
55 845 14 77
55 845 14 67
55 845 14 57
55 845 14 47
55 845 14 37
55 845 14 07
55 844 14 57
55 844 14 47
55 844 14 37
55 844 14 07
55 843 14 87
55 843 14 77
55 843 14 47
55 843 14 17
55 843 14 07
55 842 14 97
55 842 14 87
55 842 14 77
55 842 14 27
55 842 14 17
55 842 14 07
55 841 14 87
55 841 14 77
55 841 14 67
55 841 14 57
55 841 14 27
55 841 14 17
55 841 14 07
55 840 14 97
55 840 14 87
55 840 14 67
55 840 14 57
55 840 14 37
55 840 14 17
55 840 14 07
55 839 14 87
55 839 14 77
55 839 14 67
55 839 14 57
55 839 14 37
55 839 14 27
55 838 14 67
55 838 14 57
55 838 14 47
55 837 14 97
55 837 14 87
55 837 14 27
55 837 14 17
55 836 14 97
55 836 14 57
55 836 14 47
55 836 14 37
55 836 14 27
55 836 14 17
55 836 14 07
55 835 14 97
55 835 14 37
55 835 14 27
55 835 14 17
55 835 14 07
55 834 14 87
55 834 14 57
55 834 14 47
55 834 14 37
55 834 14 27
55 833 14 87
55 833 14 77
55 833 14 67
55 833 14 57
55 833 14 47
55 833 14 37
55 833 14 27
55 833 14 17
55 832 14 97
55 832 14 87
55 832 14 57
55 832 14 47
55 832 14 37
55 832 14 17
55 832 14 07
55 831 14 87
55 831 14 47
55 831 14 37
55 831 14 27
55 831 14 17
55 830 14 97
55 830 14 87
55 830 14 77
55 830 14 67
55 830 14 57
55 830 14 37
55 829 14 97
55 829 14 77
55 829 14 57
55 829 14 37
55 829 14 17
55 828 14 97
55 828 14 67
55 828 14 57
55 828 14 47
55 828 14 37
55 828 14 27
55 828 14 17
55 828 14 07
55 827 14 97
55 827 14 67
55 827 14 57
55 827 14 47
55 827 14 07
55 826 14 97
55 826 14 67
55 826 14 57
55 826 14 47
55 826 14 17
55 825 14 97
55 825 14 87
55 825 14 77
55 825 14 67
55 825 14 57
55 825 14 47
55 825 14 27
55 824 14 97
55 824 14 87
55 824 14 37
55 824 14 17
55 823 14 97
55 823 14 87
55 823 14 77
55 823 14 37
55 822 14 77
55 822 14 67
55 822 14 47
55 822 14 37
55 822 14 27
55 822 14 17
55 822 14 07
55 821 14 97
55 821 14 87
55 821 14 47
55 821 14 27
55 820 14 97
55 820 14 87
55 820 14 77
55 820 14 57
55 820 14 47
55 820 14 37
55 819 14 57
55 819 14 47
55 819 14 07
55 818 14 77
55 818 14 47
55 818 14 37
55 817 14 97
55 817 14 77
55 816 14 97
55 816 14 87
55 816 14 67
55 816 14 57
55 816 14 27
55 815 14 97
55 815 14 67
55 813 14 97
55 813 14 67
55 813 14 57
55 813 14 47
55 813 14 37
55 813 14 27
55 813 14 07
55 812 14 97
55 812 14 77
55 812 14 67
55 812 14 37
55 812 14 27
55 812 14 07
55 811 14 87
55 811 14 47
55 811 14 37
55 811 14 27
55 811 14 17
55 811 14 07
55 810 14 77
55 810 14 57
55 810 14 47
55 810 14 27
55 810 14 17
55 810 14 07
55 809 14 27
55 809 14 17
55 809 14 07
55 808 14 87
55 808 14 27
55 807 14 37
55 807 14 17
55 806 14 97
55 806 14 87
55 806 14 77
55 806 14 57
55 806 14 47
55 806 14 37
55 806 14 27
55 806 14 07
55 805 14 97
55 805 14 87
55 805 14 77
55 805 14 67
55 805 14 27
55 805 14 07
55 804 14 97
55 804 14 57
55 804 14 47
55 804 14 17
55 803 14 77
55 803 14 67
55 803 14 37
55 803 14 27
55 802 14 77
55 802 14 67
55 802 14 57
55 802 14 47
55 802 14 37
55 801 14 97
55 801 14 47
55 801 14 27
55 801 14 07
55 800 14 97
55 800 14 47
55 799 14 97
55 799 14 87
55 799 14 77
55 799 14 67
55 799 14 37
55 799 14 17
55 798 14 87
55 798 14 77
55 798 14 67
55 798 14 57
55 798 14 47
55 798 14 07
55 797 14 77
55 797 14 67
55 797 14 37
55 797 14 27
55 796 14 77
55 796 14 67
55 796 14 57
55 795 14 87
55 795 14 47
55 795 14 27
55 794 14 97
55 794 14 87
55 794 14 67
55 794 14 57
55 794 14 37
55 794 14 27
55 794 14 17
55 794 14 07
55 793 14 97
55 793 14 87
55 793 14 77
55 793 14 47
55 793 14 27
55 793 14 07
55 792 14 97
55 792 14 77
55 792 14 67
55 792 14 27
55 792 14 07
55 791 14 97
55 791 14 77
55 791 14 67
55 791 14 27
55 791 14 17
55 790 14 97
55 790 14 67
55 790 14 07
55 789 14 97
55 789 14 87
55 789 14 67
55 789 14 47
55 789 14 37
55 789 14 17
55 789 14 07
55 788 14 57
55 788 14 17
55 788 14 07
55 787 14 97
55 787 14 87
55 787 14 77
55 787 14 67
55 787 14 57
55 787 14 47
55 787 14 07
55 786 14 87
55 786 14 77
55 786 14 67
55 786 14 47
55 786 14 37
55 785 14 97
55 785 14 77
55 785 14 17
55 784 14 97
55 784 14 87
55 784 14 77
55 784 14 47
55 784 14 37
55 784 14 17
55 783 14 87
55 783 14 77
55 783 14 47
55 782 14 87
55 782 14 77
55 782 14 67
55 782 14 47
55 782 14 37
55 782 14 27
55 782 14 17
55 781 14 97
55 781 14 57
55 781 14 47
55 781 14 17
55 780 14 97
55 780 14 67
55 780 14 47
55 780 14 17
55 780 14 07
55 779 14 97
55 779 14 77
55 779 14 57
55 779 14 47
55 779 14 07
55 778 14 97
55 778 14 77
55 778 14 67
55 778 14 07
55 777 14 67
55 777 14 57
55 776 14 97
55 776 14 77
55 776 14 37
55 776 14 27
55 776 14 07
55 775 14 87
55 775 14 57
55 775 14 47
55 775 14 37
55 775 14 27
55 774 14 67
55 774 14 47
55 774 14 37
55 774 14 17
55 773 14 67
55 773 14 37
55 773 14 27
55 773 14 07
55 772 14 67
55 772 14 57
55 772 14 27
55 772 14 17
55 771 14 87
55 771 14 27
55 770 14 77
55 770 14 67
55 770 14 57
55 769 14 97
55 769 14 87
55 769 14 67
55 769 14 57
55 769 14 47
55 769 14 17
55 769 14 07
55 768 14 97
55 768 14 87
55 768 14 77
55 768 14 67
55 768 14 47
55 768 14 27
55 767 14 97
55 767 14 87
55 767 14 67
55 767 14 57
55 767 14 37
55 767 14 17
55 767 14 07
55 766 14 87
55 766 14 67
55 766 14 47
55 766 14 27
55 765 14 87
55 765 14 67
55 765 14 47
55 765 14 37
55 765 14 27
55 764 14 77
55 764 14 57
55 764 14 47
55 764 14 27
55 764 14 07
55 763 14 97
55 763 14 57
55 763 14 47
55 763 14 27
55 763 14 07
55 762 14 77
55 762 14 67
55 762 14 27
55 762 14 17
55 761 14 97
55 761 14 87
55 761 14 77
55 761 14 67
55 761 14 57
55 761 14 47
55 761 14 07
55 760 14 87
55 760 14 67
55 760 14 57
55 760 14 47
55 760 14 37
55 760 14 17
55 759 14 87
55 759 14 57
55 759 14 47
55 759 14 37
55 759 14 07
55 758 14 57
55 758 14 37
55 758 14 27
55 758 14 17
55 757 14 97
55 757 14 37
55 757 14 07
55 756 14 97
55 756 14 57
55 756 14 47
55 756 14 37
55 756 14 27
55 755 14 97
55 755 14 87
55 755 14 37
55 755 14 27
55 755 14 17
55 755 14 07
55 754 14 97
55 754 14 67
55 754 14 57
55 754 14 47
55 753 14 87
55 753 14 67
55 753 14 57
55 753 14 17
55 752 14 87
55 752 14 67
55 752 14 57
55 752 14 47
55 752 14 37
55 752 14 27
55 752 14 17
55 752 14 07
55 751 14 77
55 751 14 57
55 751 14 47
55 751 14 37
55 751 14 07
55 750 14 97
55 750 14 87
55 750 14 77
55 750 14 67
55 750 14 57
55 750 14 37
55 750 14 07
55 749 14 97
55 749 14 77
55 749 14 47
55 749 14 37
55 749 14 27
55 749 14 07
55 748 14 97
55 748 14 87
55 748 14 67
55 748 14 07
55 747 14 67
55 747 14 57
55 747 14 37
55 746 14 97
55 746 14 87
55 746 14 67
55 746 14 47
55 746 14 27
55 745 14 97
55 745 14 87
55 745 14 67
55 745 14 57
55 745 14 47
55 745 14 27
55 745 14 17
55 745 14 07
55 744 14 97
55 744 14 57
55 744 14 37
55 744 14 27
55 743 14 97
55 743 14 87
55 743 14 57
55 743 14 47
55 743 14 37
55 743 14 07
55 742 14 97
55 742 14 77
55 742 14 47
55 742 14 27
55 742 14 17
55 742 14 07
55 741 14 87
55 741 14 57
55 741 14 47
55 741 14 07
55 740 14 97
55 740 14 87
55 740 14 77
55 740 14 67
55 740 14 37
55 740 14 27
55 740 14 17
55 739 14 97
55 739 14 87
55 739 14 67
55 739 14 57
55 739 14 47
55 739 14 27
55 738 14 97
55 738 14 77
55 738 14 67
55 738 14 57
55 738 14 37
55 738 14 27
55 737 14 67
55 737 14 47
55 736 14 47
55 736 14 27
55 736 14 17
55 736 14 07
55 735 14 87
55 735 14 77
55 735 14 67
55 735 14 47
55 735 14 37
55 735 14 27
55 735 14 17
55 735 14 07
55 734 14 77
55 734 14 37
55 734 14 17
55 734 14 07
55 733 14 97
55 733 14 87
55 733 14 67
55 733 14 37
55 733 14 27
55 732 14 97
55 732 14 87
55 732 14 67
55 732 14 57
55 732 14 47
55 732 14 37
55 732 14 27
55 732 14 07
55 731 14 97
55 731 14 77
55 731 14 67
55 731 14 57
55 731 14 37
55 731 14 27
55 731 14 07
55 730 14 97
55 730 14 77
55 730 14 67
55 730 14 47
55 730 14 37
55 730 14 27
55 729 14 87
55 729 14 77
55 729 14 67
55 729 14 57
55 729 14 37
55 729 14 17
55 729 14 07
55 728 14 97
55 728 14 87
55 728 14 67
55 728 14 47
55 728 14 37
55 728 14 07
55 727 14 97
55 727 14 67
55 727 14 47
55 727 14 37
55 726 14 97
55 726 14 87
55 726 14 57
55 726 14 47
55 726 14 37
55 725 14 97
55 725 14 57
55 725 14 07
55 724 14 97
55 724 14 87
55 724 14 77
55 724 14 57
55 724 14 27
55 724 14 07
55 723 14 67
55 723 14 47
55 723 14 37
55 723 14 27
55 723 14 17
55 723 14 07
55 722 14 97
55 722 14 87
55 722 14 77
55 722 14 67
55 722 14 57
55 722 14 47
55 722 14 37
55 722 14 27
55 722 14 17
55 721 14 97
55 721 14 87
55 721 14 67
55 721 14 57
55 721 14 47
55 721 14 27
55 721 14 17
55 720 14 97
55 720 14 87
55 720 14 77
55 720 14 67
55 720 14 57
55 720 14 37
55 719 14 97
55 719 14 87
55 719 14 67
55 719 14 27
55 718 14 77
55 718 14 57
55 718 14 47
55 718 14 17
55 717 14 47
55 717 14 07
55 716 14 97
55 716 14 77
55 716 14 57
55 716 14 47
55 716 14 27
55 716 14 17
55 715 14 87
55 715 14 67
55 715 14 37
55 715 14 27
55 713 14 67
55 713 14 57
55 713 14 47
55 713 14 07
55 712 14 97
55 712 14 57
55 712 14 37
55 711 14 97
55 711 14 67
55 711 14 37
55 710 14 67
55 710 14 57
55 710 14 47
55 710 14 37
55 710 14 07
55 709 14 77
55 709 14 67
55 709 14 27
55 709 14 17
55 708 14 97
55 708 14 67
55 708 14 27
55 708 14 17
55 707 14 87
55 707 14 57
55 707 14 47
55 707 14 27
55 706 14 67
55 706 14 57
55 706 14 37
55 706 14 17
55 706 14 07
55 705 14 97
55 705 14 77
55 705 14 67
55 705 14 57
55 705 14 37
55 705 14 27
55 704 14 57
55 704 14 47
55 704 14 27
55 703 14 97
55 703 14 57
55 703 14 47
55 703 14 37
55 703 14 17
55 702 14 97
55 702 14 87
55 702 14 67
55 702 14 47
55 702 14 37
55 702 14 07
55 701 14 87
55 701 14 77
55 701 14 57
55 701 14 47
55 701 14 27
55 701 14 17
55 700 14 97
55 700 14 87
55 700 14 57
55 700 14 27
55 699 14 57
55 698 14 97
55 698 14 87
55 698 14 67
55 698 14 27
55 698 14 17
55 697 14 57
55 697 14 47
55 697 14 07
55 696 14 37
55 696 14 17
55 696 14 07
55 695 14 97
55 695 14 87
55 695 14 27
55 694 14 87
55 694 14 77
55 694 14 67
55 694 14 57
55 694 14 47
55 694 14 27
55 694 14 17
55 694 14 07
55 693 14 97
55 693 14 27
55 693 14 17
55 693 14 07
55 692 14 87
55 692 14 67
55 692 14 37
55 692 14 27
55 692 14 07
55 691 14 47
55 691 14 37
55 691 14 27
55 691 14 07
55 690 14 97
55 690 14 87
55 690 14 67
55 690 14 27
55 689 14 87
55 689 14 67
55 689 14 47
55 689 14 37
55 689 14 27
55 689 14 17
55 689 14 07
55 688 14 97
55 688 14 77
55 688 14 67
55 688 14 47
55 687 14 87
55 687 14 77
55 687 14 67
55 687 14 57
55 687 14 47
55 687 14 37
55 686 14 97
55 686 14 77
55 686 14 67
55 686 14 57
55 686 14 47
55 686 14 27
55 686 14 17
55 686 14 07
55 685 14 97
55 685 14 87
55 685 14 77
55 685 14 57
55 685 14 47
55 685 14 37
55 685 14 27
55 685 14 17
55 684 14 77
55 684 14 47
55 684 14 27
55 683 14 87
55 683 14 67
55 683 14 57
55 682 14 97
55 682 14 87
55 682 14 67
55 682 14 57
55 682 14 47
55 682 14 37
55 682 14 27
55 681 14 97
55 681 14 77
55 681 14 67
55 681 14 57
55 681 14 47
55 681 14 27
55 680 14 97
55 680 14 57
55 680 14 47
55 680 14 37
55 680 14 27
55 680 14 17
55 680 14 07
55 679 14 87
55 679 14 77
55 679 14 67
55 679 14 57
55 679 14 47
55 679 14 37
55 679 14 27
55 679 14 17
55 679 14 07
55 678 14 97
55 678 14 77
55 678 14 67
55 678 14 57
55 678 14 37
55 678 14 27
55 678 14 17
55 678 14 07
55 677 14 97
55 677 14 67
55 677 14 57
55 677 14 17
55 676 14 47
55 676 14 37
55 676 14 27
55 676 14 07
55 675 14 97
55 675 14 77
55 675 14 67
55 675 14 47
55 675 14 37
55 675 14 17
55 674 14 87
55 674 14 77
55 674 14 37
55 674 14 17
55 674 14 07
55 673 14 97
55 673 14 67
55 673 14 47
55 673 14 27
55 673 14 17
55 672 14 87
55 672 14 47
55 672 14 37
55 672 14 27
55 672 14 07
55 671 14 97
55 671 14 77
55 671 14 37
55 671 14 07
55 670 14 97
55 670 14 67
55 670 14 47
55 670 14 37
55 670 14 17
55 669 14 97
55 669 14 37
55 669 14 27
55 669 14 07
55 668 14 97
55 668 14 87
55 668 14 67
55 668 14 37
55 668 14 27
55 667 14 97
55 667 14 67
55 667 14 47
55 665 14 87
55 665 14 77
55 665 14 47
55 665 14 27
55 665 14 17
55 665 14 07
55 664 14 87
55 664 14 57
55 664 14 47
55 664 14 37
55 664 14 27
55 664 14 17
55 664 14 07
55 663 14 97
55 663 14 47
55 663 14 37
55 663 14 17
55 662 14 97
55 662 14 87
55 662 14 67
55 662 14 37
55 662 14 27
55 661 14 87
55 661 14 77
55 661 14 67
55 661 14 27
55 660 14 97
55 660 14 87
55 660 14 77
55 660 14 67
55 660 14 57
55 660 14 47
55 660 14 37
55 660 14 17
55 660 14 07
55 659 14 97
55 659 14 87
55 659 14 77
55 659 14 67
55 659 14 57
55 659 14 47
55 659 14 37
55 659 14 27
55 658 14 77
55 658 14 67
55 658 14 57
55 658 14 47
55 658 14 37
55 658 14 07
55 657 14 67
55 657 14 57
55 657 14 47
55 656 14 97
55 656 14 87
55 656 14 67
55 656 14 47
55 655 14 97
55 655 14 87
55 655 14 77
55 655 14 57
55 655 14 37
55 655 14 17
55 654 14 87
55 654 14 77
55 654 14 67
55 654 14 57
55 654 14 37
55 654 14 27
55 653 14 87
55 653 14 67
55 653 14 57
55 653 14 47
55 653 14 27
55 653 14 17
55 653 14 07
55 652 14 97
55 652 14 77
55 652 14 67
55 652 14 57
55 652 14 47
55 652 14 37
55 652 14 27
55 652 14 07
55 651 14 67
55 651 14 47
55 651 14 37
55 651 14 27
55 650 14 67
55 650 14 57
55 650 14 47
55 650 14 27
55 650 14 17
55 649 14 67
55 649 14 57
55 649 14 47
55 649 14 37
55 649 14 27
55 649 14 17
55 649 14 07
55 648 14 97
55 648 14 87
55 648 14 67
55 648 14 57
55 648 14 47
55 648 14 37
55 648 14 27
55 648 14 07
55 647 14 97
55 647 14 87
55 647 14 77
55 647 14 27
55 647 14 17
55 647 14 07
55 646 14 97
55 646 14 87
55 646 14 77
55 646 14 67
55 646 14 57
55 646 14 47
55 646 14 37
55 646 14 17
55 645 14 67
55 645 14 47
55 645 14 37
55 645 14 27
55 644 14 97
55 644 14 87
55 644 14 67
55 644 14 57
55 644 14 27
55 644 14 17
55 644 14 07
55 643 14 77
55 643 14 67
55 643 14 47
55 643 14 37
55 643 14 07
55 642 14 97
55 642 14 87
55 642 14 77
55 642 14 37
55 642 14 27
55 642 14 07
55 641 14 97
55 641 14 57
55 641 14 47
55 641 14 27
55 641 14 17
55 641 14 07
55 640 14 97
55 640 14 87
55 640 14 77
55 640 14 67
55 640 14 37
55 640 14 27
55 639 14 77
55 639 14 67
55 639 14 57
55 639 14 47
55 639 14 37
55 639 14 27
55 639 14 17
55 638 14 97
55 638 14 87
55 638 14 47
55 638 14 37
55 638 14 17
55 638 14 07
55 637 14 87
55 637 14 67
55 637 14 57
55 637 14 37
55 637 14 17
55 636 14 97
55 636 14 57
55 636 14 47
55 636 14 17
55 635 14 87
55 635 14 67
55 635 14 57
55 635 14 47
55 635 14 37
55 635 14 27
55 634 14 97
55 634 14 87
55 634 14 67
55 634 14 57
55 634 14 47
55 634 14 37
55 634 14 27
55 634 14 17
55 634 14 07
55 633 14 87
55 633 14 57
55 633 14 47
55 633 14 07
55 632 14 87
55 632 14 77
55 632 14 67
55 632 14 57
55 632 14 47
55 632 14 37
55 632 14 27
55 631 14 97
55 631 14 87
55 631 14 77
55 631 14 67
55 631 14 57
55 631 14 47
55 631 14 27
55 631 14 17
55 631 14 07
55 630 14 97
55 630 14 87
55 630 14 77
55 630 14 57
55 630 14 47
55 630 14 17
55 630 14 07
55 629 14 97
55 629 14 87
55 629 14 57
55 629 14 47
55 629 14 27
55 629 14 07
55 628 14 97
55 628 14 77
55 628 14 67
55 628 14 47
55 628 14 37
55 628 14 07
55 627 14 87
55 627 14 77
55 627 14 67
55 627 14 57
55 627 14 37
55 626 14 87
55 626 14 67
55 626 14 57
55 626 14 47
55 626 14 37
55 626 14 27
55 626 14 17
55 626 14 07
55 625 14 87
55 625 14 47
55 625 14 37
55 625 14 27
55 625 14 17
55 624 14 97
55 624 14 67
55 624 14 37
55 624 14 27
55 624 14 17
55 624 14 07
55 623 14 97
55 623 14 87
55 623 14 67
55 623 14 57
55 623 14 37
55 623 14 27
55 623 14 07
55 622 14 87
55 622 14 77
55 622 14 57
55 622 14 47
55 622 14 37
55 622 14 27
55 622 14 17
55 621 14 97
55 621 14 87
55 621 14 77
55 621 14 67
55 621 14 57
55 621 14 27
55 621 14 07
55 620 14 97
55 620 14 67
55 620 14 47
55 619 14 97
55 619 14 87
55 619 14 67
55 619 14 57
55 619 14 47
55 619 14 37
55 619 14 27
55 619 14 07
55 618 14 87
55 618 14 67
55 618 14 27
55 618 14 07
55 617 14 87
55 617 14 27
55 616 14 67
55 616 14 47
55 616 14 37
55 616 14 27
55 616 14 07
55 615 14 97
55 615 14 77
55 615 14 67
55 615 14 57
55 615 14 47
55 614 14 77
55 613 14 97
55 613 14 87
55 613 14 77
55 613 14 57
55 613 14 47
55 613 14 07
55 612 14 97
55 612 14 87
55 612 14 67
55 612 14 47
55 612 14 37
55 612 14 27
55 612 14 07
55 611 14 97
55 611 14 87
55 611 14 77
55 611 14 67
55 611 14 27
55 611 14 07
55 610 14 87
55 610 14 77
55 610 14 67
55 610 14 47
55 610 14 37
55 610 14 27
55 610 14 17
55 610 14 07
55 609 14 97
55 609 14 87
55 609 14 77
55 609 14 67
55 609 14 57
55 609 14 47
55 609 14 37
55 609 14 07
55 608 14 47
55 608 14 17
55 607 14 67
55 607 14 47
55 607 14 37
55 607 14 17
55 606 14 57
55 606 14 47
55 606 14 17
55 605 14 77
55 605 14 67
55 605 14 57
55 605 14 47
55 605 14 37
55 605 14 27
55 604 14 97
55 604 14 87
55 604 14 57
55 604 14 47
55 604 14 27
55 603 14 97
55 603 14 67
55 603 14 57
55 603 14 47
55 603 14 07
55 602 14 97
55 602 14 87
55 602 14 77
55 602 14 67
55 602 14 47
55 602 14 27
55 602 14 07
55 601 14 97
55 601 14 87
55 601 14 77
55 601 14 67
55 601 14 47
55 601 14 27
55 601 14 17
55 601 14 07
55 600 14 87
55 600 14 67
55 599 14 97
55 599 14 87
55 599 14 77
55 599 14 57
55 599 14 37
55 599 14 27
55 599 14 17
55 599 14 07
55 598 14 87
55 598 14 77
55 598 14 47
55 598 14 27
55 597 14 77
55 597 14 47
55 597 14 27
55 597 14 17
55 596 14 97
55 596 14 37
55 594 14 87
55 594 14 67
55 594 14 57
55 594 14 37
55 594 14 27
55 594 14 07
55 593 14 97
55 593 14 57
55 593 14 07
55 592 14 87
55 592 14 77
55 592 14 67
55 592 14 47
55 592 14 17
55 591 14 97
   